Order 10:

Index: 1
[ 1  1  1  1  1  1  1  1  1  1]
[ 2  2  2  2  2  2  2  2  2  2]
[ 3  3  3  3  3  3  3  3  3  3]
[ 4  4  4  4  4  4  4  4  4  4]
[ 5  5  5  5  5  5  5  5  5  5]
[ 6  6  6  6  6  6  6  6  6  6]
[ 7  7  7  7  7  7  7  7  7  7]
[ 8  8  8  8  8  8  8  8  8  8]
[ 9  9  9  9  9  9  9  9  9  9]
[10 10 10 10 10 10 10 10 10 10]
Inner Group:
Isomorphic to: 1
Permutation Group with generators [()]
Orbits: ((1,), (2,), (3,), (4,), (5,), (6,), (7,), (8,), (9,), (10,))
Order: 1

Automorphism Group:
Isomorphic to: S10
Orbits: ((1, 2, 3, 4, 5, 6, 7, 8, 9, 10),)
Order: 3628800


Index: 2
[ 1  1  6  6 10 10  3  3  7  7]
[ 2  2  5  5  9  9  4  4  8  8]
[10 10  3  3  7  7  1  1  6  6]
[ 9  9  4  4  8  8  2  2  5  5]
[ 8  8  2  2  5  5  9  9  4  4]
[ 7  7  1  1  6  6 10 10  3  3]
[ 6  6 10 10  3  3  7  7  1  1]
[ 5  5  9  9  4  4  8  8  2  2]
[ 4  4  8  8  2  2  5  5  9  9]
[ 3  3  7  7  1  1  6  6 10 10]
Inner Group:
Isomorphic to: D5
Permutation Group with generators [(3,10)(4,9)(5,8)(6,7), (1,3)(2,4)(5,9)(6,10), (1,6)(2,5)(7,10)(8,9), (1,7)(2,8)(3,6)(4,5), (1,10)(2,9)(3,7)(4,8)]
Orbits: ((1, 3, 6, 7, 10), (2, 4, 5, 8, 9))
Order: 10

Automorphism Group:
Isomorphic to: C2 x (C5 : C4)
Orbits: ((1, 2, 3, 4, 5, 6, 7, 8, 9, 10),)
Order: 40


Index: 3
[ 1  1  1  1  3  3  3  3  1  1]
[ 2  2  2 10  2  2 10 10 10  2]
[ 3  3  3  3  1  1  1  1  3  3]
[ 4  9  4  4  9  9  4  4  4  9]
[ 6  5  6  6  5  5  5  5  6  5]
[ 5  6  5  5  6  6  6  6  5  6]
[ 8  8  8  7  7  7  7  7  7  8]
[ 7  7  7  8  8  8  8  8  8  7]
[ 9  4  9  9  4  4  9  9  9  4]
[10 10 10  2 10 10  2  2  2 10]
Inner Group:
Isomorphic to: C2 x C2 x C2 x C2
Permutation Group with generators [(5,6)(7,8), (4,9)(7,8), (2,10)(5,6), (1,3)(4,9), (1,3)(2,10)]
Orbits: ((1, 3), (2, 10), (4, 9), (5, 6), (7, 8))
Order: 16

Automorphism Group:
Isomorphic to: C2 x ((C2 x C2 x C2 x C2) : S5)
Orbits: ((1, 2, 3, 4, 5, 6, 7, 8, 9, 10),)
Order: 3840


Index: 4
[ 1  3  1  3  3  3  3  3  3  3]
[10  2 10 10 10 10 10 10 10  2]
[ 3  1  3  1  1  1  1  1  1  1]
[ 9  9  9  4  9  9  9  9  4  9]
[ 6  6  6  6  5  5  6  6  6  6]
[ 5  5  5  5  6  6  5  5  5  5]
[ 8  8  8  8  8  8  7  7  8  8]
[ 7  7  7  7  7  7  8  8  7  7]
[ 4  4  4  9  4  4  4  4  9  4]
[ 2 10  2  2  2  2  2  2  2 10]
Inner Group:
Isomorphic to: C2 x C2 x C2 x C2
Permutation Group with generators [(2,10)(4,9)(5,6)(7,8), (1,3)(4,9)(5,6)(7,8), (1,3)(2,10)(5,6)(7,8), (1,3)(2,10)(4,9)(7,8), (1,3)(2,10)(4,9)(5,6)]
Orbits: ((1, 3), (2, 10), (4, 9), (5, 6), (7, 8))
Order: 16

Automorphism Group:
Isomorphic to: C2 x ((C2 x C2 x C2 x C2) : S5)
Orbits: ((1, 2, 3, 4, 5, 6, 7, 8, 9, 10),)
Order: 3840


Index: 5
[ 1  3  1  3  1  1  1  1  3  3]
[ 2  2  2 10 10 10  2  2 10  2]
[ 3  1  3  1  3  3  3  3  1  1]
[ 4  4  4  4  9  9  9  9  4  4]
[ 6  5  6  5  5  5  6  6  5  5]
[ 5  6  5  6  6  6  5  5  6  6]
[ 8  8  8  7  7  7  7  7  7  8]
[ 7  7  7  8  8  8  8  8  8  7]
[ 9  9  9  9  4  4  4  4  9  9]
[10 10 10  2  2  2 10 10  2 10]
Inner Group:
Isomorphic to: C2 x C2 x C2 x C2
Permutation Group with generators [(5,6)(7,8), (4,9)(5,6), (2,10)(4,9), (1,3)(7,8), (1,3)(2,10)]
Orbits: ((1, 3), (2, 10), (4, 9), (5, 6), (7, 8))
Order: 16

Automorphism Group:
Isomorphic to: C2 x ((C2 x C2 x C2 x C2) : S5)
Orbits: ((1, 2, 3, 4, 5, 6, 7, 8, 9, 10),)
Order: 3840


Index: 6
[ 1  1  8  8  3  3 10 10  5  5]
[ 2  2  7  7  4  4  9  9  6  6]
[ 8  8  3  3 10 10  5  5  1  1]
[ 7  7  4  4  9  9  6  6  2  2]
[ 3  3 10 10  5  5  1  1  8  8]
[ 4  4  9  9  6  6  2  2  7  7]
[ 9  9  6  6  2  2  7  7  4  4]
[10 10  5  5  1  1  8  8  3  3]
[ 6  6  2  2  7  7  4  4  9  9]
[ 5  5  1  1  8  8  3  3 10 10]
Inner Group:
Isomorphic to: C5 : C4
Permutation Group with generators [(3,8,10,5)(4,7,9,6), (1,3,10,8)(2,4,9,7), (1,5,8,3)(2,6,7,4), (1,8,5,10)(2,7,6,9), (1,10,3,5)(2,9,4,6)]
Orbits: ((1, 3, 5, 8, 10), (2, 4, 6, 7, 9))
Order: 20

Automorphism Group:
Isomorphic to: C2 x (C5 : C4)
Orbits: ((1, 2, 3, 4, 5, 6, 7, 8, 9, 10),)
Order: 40


Index: 7
[ 1  1 10 10  8  8  5  5  3  3]
[ 2  2  9  9  7  7  6  6  4  4]
[ 5  5  3  3  1  1 10 10  8  8]
[ 6  6  4  4  2  2  9  9  7  7]
[10 10  8  8  5  5  3  3  1  1]
[ 9  9  7  7  6  6  4  4  2  2]
[ 4  4  2  2  9  9  7  7  6  6]
[ 3  3  1  1 10 10  8  8  5  5]
[ 7  7  6  6  4  4  2  2  9  9]
[ 8  8  5  5  3  3  1  1 10 10]
Inner Group:
Isomorphic to: C5 : C4
Permutation Group with generators [(3,5,10,8)(4,6,9,7), (1,3,8,5)(2,4,7,6), (1,5,3,10)(2,6,4,9), (1,8,10,3)(2,7,9,4), (1,10,5,8)(2,9,6,7)]
Orbits: ((1, 3, 5, 8, 10), (2, 4, 6, 7, 9))
Order: 20

Automorphism Group:
Isomorphic to: C2 x (C5 : C4)
Orbits: ((1, 2, 3, 4, 5, 6, 7, 8, 9, 10),)
Order: 40


Index: 8
[ 1  4  4  1  4  1  4  1  4  1]
[ 3  2  2  3  2  3  2  3  2  3]
[ 9  3  3  9  3  9  3  9  3  9]
[ 4  6  6  4  6  4  6  4  6  4]
[ 2  5  5  2  5  2  5  2  5  2]
[ 6 10 10  6 10  6 10  6 10  6]
[ 5  7  7  5  7  5  7  5  7  5]
[ 8  1  1  8  1  8  1  8  1  8]
[ 7  9  9  7  9  7  9  7  9  7]
[10  8  8 10  8 10  8 10  8 10]
Inner Group:
Isomorphic to: C5 x C5
Permutation Group with generators [(2,3,9,7,5), (1,4,6,10,8)]
Orbits: ((1, 4, 6, 10, 8), (2, 3, 9, 7, 5))
Order: 25

Automorphism Group:
Isomorphic to: (C5 x C5) : ((C4 x C4) : C2)
Orbits: ((1, 2, 3, 4, 5, 6, 7, 8, 9, 10),)
Order: 800


Index: 9
[ 1  1  1  1  3  3  1  1  1  1]
[ 2  2  2 10  2  2  2  2 10  2]
[ 3  3  3  3  1  1  3  3  3  3]
[ 4  4  4  4  4  4  9  9  4  4]
[ 5  6  5  5  5  5  5  5  5  6]
[ 6  5  6  6  6  6  6  6  6  5]
[ 8  7  8  7  7  7  7  7  7  7]
[ 7  8  7  8  8  8  8  8  8  8]
[ 9  9  9  9  9  9  4  4  9  9]
[10 10 10  2 10 10 10 10  2 10]
Inner Group:
Isomorphic to: C2 x C2 x C2 x C2 x C2
Permutation Group with generators [(7,8), (5,6), (4,9), (2,10), (1,3)]
Orbits: ((1, 3), (2, 10), (4, 9), (5, 6), (7, 8))
Order: 32

Automorphism Group:
Isomorphic to: C2 x ((C2 x C2 x C2 x C2) : S5)
Orbits: ((1, 2, 3, 4, 5, 6, 7, 8, 9, 10),)
Order: 3840


Index: 10
[ 1  3  1  3  3  3  1  1  3  3]
[ 2  2  2 10 10 10 10 10 10  2]
[ 3  1  3  1  1  1  3  3  1  1]
[ 9  4  9  4  9  9  9  9  4  4]
[ 6  6  6  5  5  5  6  6  5  6]
[ 5  5  5  6  6  6  5  5  6  5]
[ 8  8  8  8  7  7  7  7  8  8]
[ 7  7  7  7  8  8  8  8  7  7]
[ 4  9  4  9  4  4  4  4  9  9]
[10 10 10  2  2  2  2  2  2 10]
Inner Group:
Isomorphic to: C2 x C2 x C2 x C2 x C2
Permutation Group with generators [(4,9)(5,6)(7,8), (2,10)(4,9)(5,6), (1,3)(5,6)(7,8), (1,3)(2,10)(7,8), (1,3)(2,10)(4,9)]
Orbits: ((1, 3), (2, 10), (4, 9), (5, 6), (7, 8))
Order: 32

Automorphism Group:
Isomorphic to: C2 x ((C2 x C2 x C2 x C2) : S5)
Orbits: ((1, 2, 3, 4, 5, 6, 7, 8, 9, 10),)
Order: 3840


Index: 11
[ 1  1  1 10  1  4  1  6  1  8]
[ 2  2  7  2  9  2  5  2  3  2]
[ 3  7  3  3  2  3  9  3  5  3]
[10  4  4  4  4  8  4  1  4  6]
[ 5  9  2  5  5  5  3  5  7  5]
[ 4  6  6  8  6  6  6 10  6  1]
[ 7  5  9  7  3  7  7  7  2  7]
[ 6  8  8  1  8 10  8  8  8  4]
[ 9  3  5  9  7  9  2  9  9  9]
[ 8 10 10  6 10  1 10  4 10 10]
Inner Group:
Isomorphic to: (C5 : C4) x (C5 : C4)
Permutation Group with generators [(4,10,8,6), (3,7,5,9), (2,3,5,7), (2,5,3,9), (2,7,9,5), (2,9,7,3), (1,4,8,10), (1,6,10,4), (1,8,4,6), (1,10,6,8)]
Orbits: ((1, 4, 6, 8, 10), (2, 3, 5, 7, 9))
Order: 400

Automorphism Group:
Isomorphic to: (C5 x C5) : ((C4 x C4) : C2)
Orbits: ((1, 2, 3, 4, 5, 6, 7, 8, 9, 10),)
Order: 800


Index: 12
[ 1  1  1  8  1 10  1  4  1  6]
[ 2  2  5  2  3  2  9  2  7  2]
[ 3  9  3  3  7  3  5  3  2  3]
[ 6  4  4  4  4  1  4 10  4  8]
[ 5  7  9  5  5  5  2  5  3  5]
[ 8  6  6 10  6  6  6  1  6  4]
[ 7  3  2  7  9  7  7  7  5  7]
[10  8  8  6  8  4  8  8  8  1]
[ 9  5  7  9  2  9  3  9  9  9]
[ 4 10 10  1 10  8 10  6 10 10]
Inner Group:
Isomorphic to: (C5 : C4) x (C5 : C4)
Permutation Group with generators [(4,6,8,10), (3,9,5,7), (2,3,7,9), (2,5,9,7), (2,7,5,3), (2,9,3,5), (1,4,10,6), (1,6,4,8), (1,8,6,10), (1,10,8,4)]
Orbits: ((1, 4, 6, 8, 10), (2, 3, 5, 7, 9))
Order: 400

Automorphism Group:
Isomorphic to: (C5 x C5) : ((C4 x C4) : C2)
Orbits: ((1, 2, 3, 4, 5, 6, 7, 8, 9, 10),)
Order: 800


